2020001 2020-01-02 [2, 15, 23, 26, 29, 30]--[2]
2020002 2020-01-05 [4, 9, 14, 15, 16, 29]--[11]
2020003 2020-01-07 [9, 17, 26, 29, 30, 32]--[3]
2020004 2020-01-09 [2, 15, 17, 27, 32, 33]--[3]
2020005 2020-01-12 [11, 16, 17, 22, 26, 32]--[4]
2020006 2020-01-14 [3, 4, 5, 10, 16, 32]--[9]
2020007 2020-01-16 [5, 12, 17, 20, 25, 31]--[10]
2020008 2020-01-19 [1, 4, 6, 10, 11, 28]--[16]
2020009 2020-01-21 [3, 6, 8, 14, 19, 26]--[12]
2020010 2020-03-12 [11, 14, 22, 27, 31, 32]--[9]
2020011 2020-03-15 [4, 5, 7, 17, 18, 29]--[1]
2020012 2020-03-17 [4, 13, 14, 23, 26, 31]--[9]
2020013 2020-03-19 [2, 8, 10, 20, 21, 30]--[14]
2020014 2020-03-22 [2, 7, 8, 10, 12, 16]--[7]
2020015 2020-03-24 [8, 9, 22, 24, 30, 33]--[1]
2020016 2020-03-26 [5, 6, 8, 17, 24, 27]--[7]
2020017 2020-03-29 [2, 4, 7, 15, 20, 27]--[4]
2020018 2020-03-31 [5, 7, 8, 11, 17, 22]--[13]
2020028 2020-04-23 [5, 6, 15, 18, 26, 32]--[8]
2020029 2020-04-26 [1, 12, 18, 20, 30, 32]--[5]
2020030 2020-04-28 [17, 18, 21, 29, 30, 32]--[3]
2020031 2020-04-30 [2, 5, 9, 15, 16, 27]--[9]
2020032 2020-05-03 [3, 11, 13, 14, 15, 26]--[13]
2020033 2020-05-05 [7, 10, 12, 21, 31, 32]--[1]
2020034 2020-05-07 [2, 8, 15, 16, 26, 32]--[3]
2020035 2020-05-10 [10, 14, 24, 25, 28, 33]--[11]
2020036 2020-05-12 [7, 9, 16, 22, 24, 32]--[6]
2020037 2020-05-14 [1, 4, 11, 13, 17, 24]--[15]
2020038 2020-05-17 [1, 6, 7, 18, 23, 24]--[15]
2020039 2020-05-19 [2, 9, 10, 11, 16, 29]--[2]
2020040 2020-05-21 [1, 6, 12, 16, 19, 21]--[4]
2020041 2020-05-24 [6, 7, 16, 22, 24, 25]--[13]
2020042 2020-05-26 [2, 6, 7, 11, 14, 31]--[3]
2020043 2020-05-28 [1, 11, 24, 25, 27, 30]--[7]
2020044 2020-05-31 [7, 8, 16, 17, 19, 24]--[7]
2020045 2020-06-02 [2, 3, 15, 21, 22, 33]--[16]
2020046 2020-06-04 [13, 19, 25, 26, 27, 32]--[8]
2020047 2020-06-07 [4, 10, 17, 19, 28, 32]--[1]
2020048 2020-06-09 [12, 14, 18, 23, 30, 32]--[2]
2020049 2020-06-11 [1, 7, 9, 12, 18, 22]--[4]
2020050 2020-06-14 [4, 9, 17, 20, 32, 33]--[15]
2020051 2020-06-16 [3, 6, 8, 11, 19, 28]--[8]
2020052 2020-06-18 [2, 8, 13, 29, 32, 33]--[15]
2020053 2020-06-21 [2, 14, 15, 16, 32, 33]--[1]
2020054 2020-06-23 [3, 10, 19, 25, 26, 31]--[2]
2020055 2020-06-25 [1, 5, 7, 23, 28, 30]--[12]
2020056 2020-06-28 [2, 5, 8, 12, 26, 31]--[14]
2020057 2020-06-30 [9, 14, 21, 23, 26, 32]--[3]
2020067 2020-07-23 [4, 7, 9, 23, 27, 30]--[8]
2020068 2020-07-26 [12, 16, 21, 26, 27, 32]--[10]
2020069 2020-07-28 [3, 9, 10, 13, 18, 26]--[4]
2020070 2020-07-30 [1, 2, 4, 6, 19, 21]--[15]
2020071 2020-08-02 [9, 11, 12, 13, 22, 23]--[8]
2020072 2020-08-04 [6, 8, 10, 15, 17, 26]--[4]
2020073 2020-08-06 [5, 7, 11, 13, 27, 29]--[3]
2020074 2020-08-09 [4, 8, 9, 13, 19, 33]--[12]
2020075 2020-08-11 [3, 11, 13, 20, 24, 30]--[16]
2020076 2020-08-13 [10, 15, 16, 18, 20, 27]--[6]
2020077 2020-08-16 [3, 10, 16, 21, 25, 27]--[12]
2020078 2020-08-18 [3, 11, 14, 16, 21, 32]--[4]
2020079 2020-08-20 [5, 12, 20, 21, 22, 29]--[14]
2020080 2020-08-23 [14, 15, 18, 22, 31, 33]--[1]
2020081 2020-08-25 [1, 5, 13, 14, 27, 33]--[15]
2020082 2020-08-27 [2, 8, 11, 17, 21, 30]--[9]
2020083 2020-08-30 [1, 19, 25, 26, 30, 31]--[12]
2020084 2020-09-01 [3, 7, 16, 17, 23, 30]--[7]
2020085 2020-09-03 [1, 2, 5, 9, 19, 24]--[16]
2020086 2020-09-06 [2, 4, 6, 15, 24, 27]--[6]
2020087 2020-09-08 [11, 15, 20, 23, 25, 33]--[10]
2020088 2020-09-10 [1, 6, 12, 26, 29, 30]--[12]
2020089 2020-09-13 [2, 14, 16, 21, 29, 30]--[10]
2020090 2020-09-15 [2, 21, 23, 26, 31, 32]--[6]
2020091 2020-09-17 [1, 9, 11, 12, 16, 19]--[16]
2020092 2020-09-20 [1, 6, 12, 18, 22, 24]--[3]
2020093 2020-09-22 [4, 5, 10, 13, 15, 19]--[15]
2020094 2020-09-24 [10, 15, 17, 27, 29, 31]--[8]
2020095 2020-09-27 [3, 9, 16, 17, 20, 26]--[2]
2020096 2020-09-29 [1, 20, 23, 26, 27, 32]--[15]
2020104 2020-10-22 [4, 8, 10, 16, 27, 29]--[9]
2020105 2020-10-25 [6, 14, 19, 20, 22, 24]--[1]
2020106 2020-10-27 [2, 4, 11, 15, 18, 28]--[10]
2020107 2020-10-29 [3, 9, 11, 24, 25, 28]--[16]
2020108 2020-11-01 [10, 12, 15, 17, 23, 32]--[5]
2020109 2020-11-03 [6, 13, 16, 20, 23, 32]--[13]
2020110 2020-11-05 [2, 6, 9, 14, 22, 25]--[4]
2020111 2020-11-08 [6, 9, 17, 22, 24, 26]--[16]
2020112 2020-11-10 [2, 9, 12, 17, 28, 32]--[5]
2020113 2020-11-12 [1, 3, 7, 10, 22, 32]--[11]
2020114 2020-11-15 [1, 5, 11, 24, 30, 32]--[3]
2020115 2020-11-17 [1, 4, 12, 20, 25, 32]--[2]
2020116 2020-11-19 [5, 6, 14, 16, 19, 27]--[10]
2020117 2020-11-22 [7, 8, 9, 10, 16, 27]--[7]
2020118 2020-11-24 [11, 13, 19, 26, 30, 33]--[5]
2020119 2020-11-26 [1, 9, 22, 28, 32, 33]--[15]
2020120 2020-11-29 [1, 2, 3, 4, 9, 10]--[12]
2020121 2020-12-01 [2, 4, 6, 21, 25, 29]--[3]
2020122 2020-12-03 [12, 15, 17, 24, 26, 31]--[15]
2020123 2020-12-06 [1, 3, 18, 19, 26, 29]--[3]
2020124 2020-12-08 [16, 18, 19, 20, 29, 33]--[12]
2020125 2020-12-10 [5, 12, 16, 26, 30, 31]--[13]
2020126 2020-12-13 [3, 7, 12, 14, 23, 28]--[11]
2020127 2020-12-15 [1, 4, 18, 19, 26, 31]--[7]
2020128 2020-12-17 [8, 10, 15, 16, 23, 26]--[10]
2020129 2020-12-20 [1, 2, 5, 15, 28, 33]--[4]
2020130 2020-12-22 [8, 9, 11, 14, 17, 29]--[16]
2020131 2020-12-24 [8, 19, 22, 26, 27, 30]--[7]
2020132 2020-12-27 [1, 4, 11, 12, 14, 23]--[4]
2020133 2020-12-29 [3, 19, 22, 23, 27, 29]--[7]
2021004 2021-01-10 [2, 3, 7, 8, 17, 22]--[15]
2021005 2021-01-12 [7, 9, 14, 26, 30, 31]--[4]
2021006 2021-01-14 [6, 8, 22, 24, 25, 26]--[1]
2021007 2021-01-17 [2, 4, 12, 21, 25, 32]--[16]
2021008 2021-01-19 [1, 5, 7, 14, 18, 33]--[7]
2021009 2021-01-21 [2, 4, 7, 24, 25, 32]--[13]
2021010 2021-01-24 [1, 4, 11, 19, 32, 33]--[5]
2021011 2021-01-26 [5, 10, 16, 23, 27, 33]--[14]
2021012 2021-01-28 [3, 6, 14, 18, 20, 26]--[1]
2021013 2021-01-31 [6, 9, 12, 16, 27, 31]--[6]
2021014 2021-02-02 [4, 15, 21, 25, 29, 33]--[6]
2021015 2021-02-04 [6, 14, 16, 26, 28, 29]--[7]
2021016 2021-02-07 [3, 8, 9, 13, 15, 18]--[10]
2021017 2021-02-21 [9, 15, 18, 29, 32, 33]--[2]
2021018 2021-02-23 [2, 8, 14, 23, 25, 32]--[6]
2021019 2021-02-25 [12, 16, 17, 24, 28, 29]--[8]
2021020 2021-02-28 [1, 3, 6, 7, 9, 11]--[2]
2021021 2021-03-02 [4, 8, 17, 24, 28, 33]--[13]
2021022 2021-03-04 [10, 15, 17, 25, 31, 32]--[6]
2021023 2021-03-07 [2, 21, 22, 23, 27, 28]--[11]
2021024 2021-03-09 [1, 4, 6, 10, 11, 18]--[2]
2021025 2021-03-11 [6, 8, 14, 17, 18, 30]--[11]
2021026 2021-03-14 [3, 5, 13, 19, 20, 25]--[3]
2021027 2021-03-16 [5, 7, 9, 16, 20, 26]--[8]
2021028 2021-03-18 [11, 16, 23, 26, 27, 33]--[5]
2021029 2021-03-21 [8, 10, 15, 17, 22, 30]--[12]
2021030 2021-03-23 [8, 9, 13, 27, 29, 31]--[5]
2021031 2021-03-25 [6, 11, 21, 25, 28, 31]--[7]
2021032 2021-03-28 [1, 5, 8, 15, 16, 30]--[3]
2021033 2021-03-30 [2, 12, 13, 14, 31, 33]--[6]
2021043 2021-04-22 [2, 3, 17, 18, 23, 24]--[1]
2021044 2021-04-25 [5, 7, 14, 17, 26, 28]--[13]
2021045 2021-04-27 [1, 4, 14, 15, 17, 32]--[2]
2021046 2021-04-29 [5, 9, 13, 21, 28, 33]--[6]
2021047 2021-05-02 [3, 7, 13, 16, 24, 29]--[1]
2021048 2021-05-04 [4, 15, 17, 22, 29, 32]--[3]
2021049 2021-05-06 [4, 11, 13, 22, 25, 32]--[1]
2021050 2021-05-09 [2, 9, 10, 16, 25, 28]--[8]
2021051 2021-05-11 [8, 9, 10, 19, 27, 29]--[15]
2021052 2021-05-13 [3, 4, 6, 19, 21, 30]--[14]
2021053 2021-05-16 [7, 10, 14, 16, 24, 33]--[16]
2021054 2021-05-18 [7, 13, 21, 22, 24, 31]--[2]
2021055 2021-05-20 [3, 11, 12, 16, 22, 28]--[10]
2021056 2021-05-23 [8, 21, 22, 23, 29, 32]--[1]
2021057 2021-05-25 [5, 6, 9, 17, 25, 33]--[16]
2021058 2021-05-27 [9, 11, 13, 18, 19, 28]--[14]
2021059 2021-05-30 [1, 9, 11, 18, 32, 33]--[14]
2021060 2021-06-01 [10, 11, 17, 20, 29, 30]--[15]
2021061 2021-06-03 [4, 9, 12, 18, 20, 23]--[1]
2021062 2021-06-06 [12, 13, 15, 20, 22, 25]--[10]
2021063 2021-06-08 [4, 5, 6, 9, 23, 24]--[9]
2021064 2021-06-10 [4, 6, 8, 15, 16, 18]--[16]
2021065 2021-06-13 [1, 4, 8, 19, 29, 33]--[16]
2021066 2021-06-15 [2, 6, 19, 26, 30, 33]--[15]
2021067 2021-06-17 [1, 11, 19, 23, 25, 29]--[9]
2021068 2021-06-20 [4, 14, 18, 24, 31, 32]--[15]
2021069 2021-06-22 [6, 11, 18, 20, 23, 26]--[5]
2021070 2021-06-24 [1, 5, 11, 15, 16, 29]--[15]
2021071 2021-06-27 [1, 7, 24, 31, 32, 33]--[8]
2021072 2021-06-29 [1, 9, 15, 16, 19, 21]--[15]
2021082 2021-07-22 [3, 6, 11, 13, 26, 32]--[5]
2021083 2021-07-25 [4, 9, 11, 25, 28, 33]--[4]
2021084 2021-07-27 [5, 7, 9, 11, 21, 28]--[1]
2021085 2021-07-29 [5, 6, 7, 11, 14, 20]--[2]
2021086 2021-08-01 [6, 8, 10, 14, 28, 29]--[1]
2021087 2021-08-03 [2, 13, 16, 19, 23, 24]--[4]
2021088 2021-08-05 [4, 12, 15, 16, 19, 26]--[6]
2021089 2021-08-08 [1, 2, 7, 13, 23, 24]--[12]
2021090 2021-08-10 [5, 6, 12, 14, 27, 28]--[8]
2021091 2021-08-12 [4, 6, 16, 24, 26, 33]--[16]
2021092 2021-08-15 [2, 7, 8, 10, 12, 31]--[3]
2021093 2021-08-17 [5, 11, 15, 23, 28, 33]--[3]
2021094 2021-08-19 [9, 11, 24, 25, 28, 33]--[15]
2021095 2021-08-22 [8, 12, 17, 24, 27, 28]--[13]
2021096 2021-08-24 [1, 7, 11, 14, 15, 26]--[11]
2021097 2021-08-26 [3, 11, 12, 13, 25, 28]--[12]
2021098 2021-08-29 [1, 10, 13, 18, 26, 32]--[5]
2021099 2021-08-31 [9, 11, 17, 18, 20, 27]--[15]
2021100 2021-09-02 [7, 9, 12, 13, 14, 29]--[16]
2021101 2021-09-05 [2, 4, 12, 22, 29, 31]--[1]
2021102 2021-09-07 [5, 9, 15, 24, 27, 30]--[9]
2021103 2021-09-09 [10, 13, 15, 25, 29, 30]--[15]
2021104 2021-09-12 [1, 7, 17, 20, 22, 28]--[15]
2021105 2021-09-14 [10, 14, 15, 22, 27, 32]--[9]
2021106 2021-09-16 [1, 4, 7, 14, 30, 31]--[3]
2021107 2021-09-19 [2, 3, 17, 19, 25, 30]--[1]
2021108 2021-09-21 [11, 15, 18, 24, 26, 32]--[9]
2021109 2021-09-23 [2, 3, 10, 17, 20, 26]--[16]
2021110 2021-09-26 [10, 13, 15, 24, 31, 32]--[2]
2021111 2021-09-28 [17, 20, 22, 23, 26, 28]--[6]
2021120 2021-10-21 [1, 7, 8, 12, 13, 18]--[5]
2021121 2021-10-24 [4, 5, 12, 16, 22, 30]--[15]
2021122 2021-10-26 [4, 5, 12, 15, 18, 28]--[7]
2021123 2021-10-28 [6, 14, 15, 19, 29, 31]--[5]
2021124 2021-10-31 [1, 3, 18, 22, 29, 32]--[2]
2021125 2021-11-02 [14, 19, 20, 23, 24, 31]--[9]
2021126 2021-11-04 [19, 20, 23, 27, 28, 31]--[1]
2021127 2021-11-07 [7, 15, 16, 20, 27, 29]--[7]
2021128 2021-11-09 [5, 17, 20, 21, 23, 33]--[4]
2021129 2021-11-11 [4, 15, 21, 27, 28, 29]--[10]
2021130 2021-11-14 [8, 9, 15, 24, 26, 30]--[6]
2021131 2021-11-16 [8, 11, 18, 19, 20, 24]--[1]
2021132 2021-11-18 [1, 4, 6, 14, 20, 28]--[8]
2021133 2021-11-21 [1, 3, 12, 19, 27, 31]--[10]
2021134 2021-11-23 [1, 2, 16, 19, 25, 31]--[8]
2021135 2021-11-25 [3, 10, 17, 19, 21, 31]--[4]
2021136 2021-11-28 [2, 6, 9, 15, 19, 28]--[16]
2021137 2021-11-30 [3, 7, 10, 14, 21, 24]--[1]
2021138 2021-12-02 [11, 14, 15, 16, 27, 32]--[9]
2021139 2021-12-05 [12, 14, 19, 23, 24, 27]--[1]
2021140 2021-12-07 [5, 10, 16, 26, 27, 33]--[1]
2021141 2021-12-09 [1, 14, 19, 23, 26, 30]--[10]
2021142 2021-12-12 [4, 7, 17, 19, 20, 24]--[16]
2021143 2021-12-14 [1, 9, 11, 13, 20, 29]--[9]
2021144 2021-12-16 [2, 5, 13, 15, 23, 26]--[7]
2021145 2021-12-19 [4, 7, 10, 14, 16, 26]--[9]
2021146 2021-12-21 [7, 9, 21, 22, 26, 32]--[3]
2021147 2021-12-23 [5, 10, 11, 13, 27, 28]--[9]
2021148 2021-12-26 [10, 12, 15, 17, 19, 20]--[8]
2021149 2021-12-28 [5, 10, 15, 18, 19, 32]--[5]
2022005 2022-01-11 [7, 10, 12, 16, 19, 31]--[16]
2022006 2022-01-13 [3, 6, 9, 15, 22, 31]--[2]
2022007 2022-01-16 [1, 20, 22, 23, 25, 28]--[16]
2022008 2022-01-18 [2, 3, 7, 9, 20, 21]--[13]
2022009 2022-01-20 [4, 15, 17, 19, 25, 28]--[16]
2022010 2022-01-23 [12, 18, 19, 20, 21, 32]--[15]
2022011 2022-01-25 [6, 15, 23, 24, 25, 33]--[15]
2022012 2022-01-27 [4, 7, 8, 29, 30, 31]--[1]
2022013 2022-02-08 [2, 3, 4, 7, 10, 18]--[15]
2022014 2022-02-10 [6, 7, 13, 14, 15, 27]--[4]
2022015 2022-02-13 [6, 14, 16, 27, 28, 31]--[7]
2022016 2022-02-15 [5, 10, 19, 20, 29, 31]--[14]
2022017 2022-02-17 [6, 9, 24, 29, 30, 32]--[7]
2022018 2022-02-20 [7, 11, 16, 17, 30, 32]--[16]
2022019 2022-02-22 [5, 6, 14, 20, 21, 25]--[8]
2022020 2022-02-24 [9, 11, 14, 22, 30, 32]--[1]
2022021 2022-02-27 [3, 7, 22, 24, 26, 31]--[14]
2022022 2022-03-01 [1, 7, 11, 15, 17, 19]--[6]
2022023 2022-03-03 [7, 12, 17, 19, 24, 25]--[2]
2022024 2022-03-06 [7, 9, 10, 14, 19, 24]--[15]
2022025 2022-03-08 [6, 19, 24, 25, 28, 32]--[4]
2022026 2022-03-10 [3, 4, 10, 15, 22, 24]--[2]
2022027 2022-03-13 [14, 15, 18, 19, 26, 32]--[9]
2022028 2022-03-15 [5, 11, 20, 22, 23, 29]--[9]
2022029 2022-03-17 [3, 8, 10, 13, 26, 32]--[8]
2022030 2022-03-20 [12, 23, 24, 26, 27, 30]--[5]
2022031 2022-03-22 [1, 10, 11, 22, 26, 32]--[7]
2022032 2022-03-24 [4, 10, 11, 14, 23, 32]--[7]
2022033 2022-03-27 [5, 12, 19, 22, 25, 26]--[5]
2022034 2022-03-29 [14, 17, 26, 31, 32, 33]--[10]
2022044 2022-04-21 [1, 7, 8, 21, 23, 29]--[6]
2022045 2022-04-24 [3, 12, 17, 18, 19, 28]--[4]
2022046 2022-04-26 [2, 11, 24, 25, 27, 30]--[14]
2022047 2022-04-28 [3, 7, 8, 14, 27, 30]--[9]
2022048 2022-05-01 [5, 7, 17, 20, 26, 31]--[14]
2022049 2022-05-03 [2, 4, 7, 18, 25, 26]--[10]
2022050 2022-05-05 [3, 5, 8, 14, 27, 33]--[8]
2022051 2022-05-08 [2, 5, 11, 17, 21, 33]--[1]
2022052 2022-05-10 [7, 24, 27, 29, 31, 32]--[15]
2022053 2022-05-12 [10, 14, 18, 23, 27, 33]--[15]
2022054 2022-05-15 [8, 12, 21, 27, 28, 33]--[11]
2022055 2022-05-17 [2, 4, 9, 26, 28, 33]--[3]
2022056 2022-05-19 [1, 6, 11, 14, 17, 26]--[15]
2022057 2022-05-22 [12, 15, 20, 26, 30, 33]--[16]
2022058 2022-05-24 [6, 13, 14, 23, 31, 33]--[1]
2022059 2022-05-26 [6, 9, 18, 19, 29, 33]--[6]
2022060 2022-05-29 [16, 18, 19, 24, 28, 32]--[1]
2022061 2022-05-31 [1, 3, 16, 18, 29, 33]--[6]
2022062 2022-06-02 [16, 18, 20, 21, 23, 33]--[5]
2022063 2022-06-05 [6, 8, 9, 17, 22, 31]--[11]
2022064 2022-06-07 [4, 6, 12, 13, 17, 31]--[16]
2022065 2022-06-09 [9, 14, 18, 23, 28, 31]--[2]
2022066 2022-06-12 [6, 11, 14, 20, 27, 30]--[9]
2022067 2022-06-14 [1, 5, 13, 21, 26, 29]--[15]
2022068 2022-06-16 [7, 12, 15, 24, 26, 29]--[6]
2022069 2022-06-19 [6, 7, 13, 19, 26, 29]--[8]
2022070 2022-06-21 [4, 6, 9, 27, 28, 33]--[2]
2022071 2022-06-23 [4, 7, 15, 18, 29, 33]--[1]
2022072 2022-06-26 [5, 14, 15, 16, 18, 32]--[12]
2022073 2022-06-28 [6, 10, 14, 15, 26, 29]--[12]
2022083 2022-07-21 [8, 12, 13, 14, 19, 20]--[5]
2022084 2022-07-24 [3, 18, 23, 24, 25, 32]--[9]
2022085 2022-07-26 [7, 9, 14, 31, 32, 33]--[13]
2022086 2022-07-28 [1, 4, 8, 21, 23, 24]--[11]
2022087 2022-07-31 [5, 6, 9, 13, 23, 25]--[8]
2022088 2022-08-02 [3, 9, 15, 17, 20, 22]--[6]
2022089 2022-08-04 [2, 7, 15, 29, 31, 33]--[15]
2022090 2022-08-07 [1, 4, 25, 27, 29, 30]--[7]
2022091 2022-08-09 [8, 18, 20, 22, 24, 28]--[10]
2022092 2022-08-11 [7, 10, 16, 20, 21, 27]--[11]
2022093 2022-08-14 [21, 22, 24, 28, 29, 32]--[14]
2022094 2022-08-16 [6, 11, 13, 16, 19, 31]--[2]
2022095 2022-08-18 [4, 13, 14, 18, 20, 28]--[8]
2022096 2022-08-21 [3, 16, 17, 19, 25, 33]--[7]
2022097 2022-08-23 [4, 5, 10, 13, 30, 31]--[14]
2022098 2022-08-25 [2, 3, 4, 6, 21, 33]--[5]
2022099 2022-08-28 [1, 11, 23, 24, 26, 32]--[15]
2022100 2022-08-30 [2, 6, 7, 15, 20, 21]--[15]
2022101 2022-09-01 [4, 16, 18, 19, 27, 28]--[4]
2022102 2022-09-04 [9, 10, 12, 18, 29, 32]--[14]
2022103 2022-09-06 [6, 9, 12, 14, 20, 28]--[10]
2022104 2022-09-08 [1, 8, 19, 25, 26, 31]--[1]
2022105 2022-09-11 [6, 12, 13, 15, 21, 23]--[15]
2022106 2022-09-13 [17, 20, 22, 23, 24, 31]--[1]
2022107 2022-09-15 [3, 9, 11, 15, 19, 28]--[16]
2022108 2022-09-18 [1, 7, 13, 17, 18, 31]--[15]
2022109 2022-09-20 [4, 11, 13, 19, 22, 33]--[11]
2022110 2022-09-22 [9, 13, 15, 18, 20, 28]--[15]
2022111 2022-09-25 [2, 10, 11, 13, 28, 31]--[1]
2022112 2022-09-27 [3, 5, 8, 17, 25, 31]--[1]
2022120 2022-10-20 [2, 15, 19, 26, 27, 29]--[2]
2022121 2022-10-23 [12, 17, 22, 27, 30, 31]--[2]
2022122 2022-10-25 [6, 8, 17, 19, 24, 28]--[5]
2022123 2022-10-27 [10, 13, 16, 20, 21, 25]--[5]
2022124 2022-10-30 [5, 10, 13, 18, 24, 26]--[1]
2022125 2022-11-01 [2, 3, 7, 12, 20, 31]--[16]
2022126 2022-11-03 [1, 13, 15, 17, 26, 33]--[13]
2022127 2022-11-06 [3, 4, 9, 10, 29, 33]--[13]
2022128 2022-11-08 [3, 12, 18, 24, 27, 29]--[1]
2022129 2022-11-10 [10, 12, 14, 22, 24, 27]--[7]
2022130 2022-11-13 [2, 8, 15, 17, 26, 28]--[12]
2022131 2022-11-15 [3, 5, 10, 13, 19, 29]--[6]
2022132 2022-11-17 [1, 3, 18, 26, 32, 33]--[4]
2022133 2022-11-20 [5, 8, 16, 17, 21, 25]--[12]
2022134 2022-11-22 [1, 5, 14, 17, 24, 31]--[14]
2022135 2022-11-24 [9, 11, 13, 24, 28, 32]--[6]
2022136 2022-11-27 [8, 10, 14, 15, 18, 22]--[8]
2022137 2022-11-29 [8, 21, 23, 27, 28, 33]--[1]
2022138 2022-12-01 [2, 14, 19, 21, 25, 28]--[11]
2022139 2022-12-04 [6, 7, 9, 16, 17, 19]--[14]
2022140 2022-12-06 [8, 9, 18, 19, 20, 27]--[15]
2022141 2022-12-08 [5, 12, 13, 17, 20, 27]--[14]
2022142 2022-12-11 [1, 3, 13, 16, 21, 27]--[3]
2022143 2022-12-13 [7, 8, 13, 29, 30, 33]--[3]
2022144 2022-12-15 [7, 20, 22, 23, 31, 32]--[5]
2022145 2022-12-18 [3, 21, 25, 30, 31, 33]--[11]
2022146 2022-12-20 [6, 7, 13, 18, 26, 31]--[6]
2022147 2022-12-22 [2, 3, 7, 13, 20, 30]--[10]
2022148 2022-12-25 [2, 15, 16, 17, 21, 31]--[14]
2022149 2022-12-27 [2, 22, 26, 29, 32, 33]--[14]
2023005 2023-01-10 [2, 6, 8, 13, 14, 19]--[16]
2023006 2023-01-12 [2, 10, 12, 14, 24, 26]--[5]
2023007 2023-01-15 [5, 6, 9, 22, 25, 31]--[3]
2023008 2023-01-17 [5, 13, 18, 20, 26, 28]--[6]
2023009 2023-01-29 [3, 4, 19, 23, 30, 32]--[6]
2023010 2023-01-31 [4, 5, 13, 18, 27, 29]--[12]
2023011 2023-02-02 [6, 7, 16, 17, 21, 22]--[4]
2023012 2023-02-05 [3, 4, 7, 22, 26, 30]--[6]
2023013 2023-02-07 [6, 10, 14, 22, 23, 33]--[13]
2023014 2023-02-09 [6, 7, 18, 23, 27, 30]--[5]
2023015 2023-02-12 [2, 3, 14, 21, 29, 32]--[8]
2023016 2023-02-14 [14, 16, 19, 23, 28, 30]--[3]
2023017 2023-02-16 [5, 11, 18, 20, 26, 28]--[12]
2023018 2023-02-19 [10, 12, 17, 19, 25, 31]--[13]
2023019 2023-02-21 [6, 12, 26, 28, 29, 32]--[15]
2023020 2023-02-23 [1, 12, 17, 18, 26, 27]--[5]
2023021 2023-02-26 [2, 5, 6, 19, 21, 27]--[4]
2023022 2023-02-28 [10, 11, 18, 19, 23, 31]--[3]
2023023 2023-03-02 [5, 8, 10, 15, 24, 25]--[9]
2023024 2023-03-05 [3, 6, 9, 17, 27, 28]--[3]
2023025 2023-03-07 [4, 16, 20, 21, 31, 32]--[14]
2023026 2023-03-09 [1, 18, 26, 30, 31, 33]--[3]
2023027 2023-03-12 [8, 10, 22, 27, 32, 33]--[8]
2023028 2023-03-14 [5, 7, 10, 17, 20, 22]--[14]
2023029 2023-03-16 [3, 7, 12, 24, 28, 33]--[8]
2023030 2023-03-19 [2, 3, 7, 16, 30, 31]--[6]
2023031 2023-03-21 [7, 14, 27, 29, 31, 33]--[5]
2023032 2023-03-23 [6, 19, 20, 26, 28, 33]--[1]
2023033 2023-03-26 [8, 9, 13, 23, 24, 26]--[5]
2023034 2023-03-28 [2, 3, 9, 11, 12, 17]--[15]
2023044 2023-04-20 [2, 8, 15, 22, 24, 26]--[16]
2023045 2023-04-23 [3, 6, 12, 21, 27, 28]--[4]
2023046 2023-04-25 [6, 8, 17, 25, 26, 28]--[3]
2023047 2023-04-27 [5, 7, 14, 23, 31, 33]--[7]
2023048 2023-04-30 [2, 3, 10, 24, 28, 30]--[8]
2023049 2023-05-02 [5, 7, 14, 23, 25, 27]--[2]
2023050 2023-05-04 [2, 7, 9, 14, 22, 23]--[5]
2023051 2023-05-07 [22, 26, 29, 30, 32, 33]--[14]
2023052 2023-05-09 [3, 4, 5, 8, 12, 17]--[6]
2023053 2023-05-11 [1, 7, 14, 20, 27, 30]--[15]
2023054 2023-05-14 [5, 6, 9, 10, 15, 26]--[12]
2023055 2023-05-16 [3, 4, 20, 23, 27, 32]--[13]
2023056 2023-05-18 [8, 14, 15, 18, 23, 33]--[8]
2023057 2023-05-21 [2, 5, 10, 17, 24, 32]--[3]
2023058 2023-05-23 [10, 17, 22, 26, 30, 33]--[11]
2023059 2023-05-25 [2, 6, 13, 22, 27, 32]--[6]
2023060 2023-05-28 [9, 11, 17, 19, 30, 31]--[11]
2023061 2023-05-30 [1, 4, 6, 11, 12, 22]--[15]
2023062 2023-06-01 [11, 19, 23, 24, 26, 33]--[15]
2023063 2023-06-04 [4, 8, 17, 20, 22, 27]--[13]
2023064 2023-06-06 [1, 7, 11, 12, 16, 18]--[4]
2023065 2023-06-08 [2, 14, 17, 20, 26, 33]--[14]
2023066 2023-06-11 [2, 7, 8, 10, 26, 31]--[6]
2023067 2023-06-13 [1, 3, 12, 19, 28, 32]--[14]
2023068 2023-06-15 [11, 12, 15, 18, 29, 33]--[2]
2023069 2023-06-18 [12, 14, 17, 20, 21, 26]--[2]
2023070 2023-06-20 [3, 5, 25, 31, 32, 33]--[4]
2023071 2023-06-22 [5, 12, 15, 19, 24, 26]--[6]
2023072 2023-06-25 [2, 6, 10, 24, 25, 33]--[9]
2023073 2023-06-27 [1, 3, 15, 16, 25, 32]--[10]
2023083 2023-07-20 [7, 10, 12, 16, 17, 30]--[12]
2023084 2023-07-23 [9, 13, 14, 17, 19, 27]--[3]
2023085 2023-07-25 [11, 18, 23, 24, 31, 33]--[13]
2023086 2023-07-27 [8, 9, 10, 22, 26, 32]--[12]
2023087 2023-07-30 [2, 9, 15, 17, 28, 33]--[1]
2023088 2023-08-01 [1, 14, 18, 26, 31, 33]--[5]
2023089 2023-08-03 [8, 13, 15, 27, 28, 31]--[11]
2023090 2023-08-06 [1, 2, 9, 26, 30, 31]--[7]
2023091 2023-08-08 [16, 20, 22, 26, 30, 32]--[16]
2023092 2023-08-10 [3, 12, 24, 25, 32, 33]--[13]
2023093 2023-08-13 [10, 21, 24, 25, 27, 32]--[7]
2023094 2023-08-15 [6, 10, 12, 14, 30, 31]--[12]
2023095 2023-08-17 [3, 8, 16, 17, 22, 26]--[11]
2023096 2023-08-20 [8, 11, 18, 26, 31, 32]--[15]
2023097 2023-08-22 [1, 9, 14, 19, 29, 30]--[15]
2023098 2023-08-24 [2, 10, 11, 14, 21, 27]--[11]
2023099 2023-08-27 [9, 11, 14, 19, 27, 33]--[5]
2023100 2023-08-29 [5, 6, 12, 15, 23, 25]--[4]
2023101 2023-08-31 [1, 5, 9, 15, 18, 26]--[4]
2023102 2023-09-03 [1, 9, 10, 13, 21, 28]--[10]
2023103 2023-09-05 [5, 6, 13, 24, 25, 29]--[15]
2023104 2023-09-07 [10, 19, 23, 25, 30, 31]--[12]
2023105 2023-09-10 [1, 3, 5, 26, 30, 32]--[16]
2023106 2023-09-12 [7, 9, 10, 20, 22, 24]--[7]
2023107 2023-09-14 [3, 7, 18, 25, 29, 33]--[14]
2023108 2023-09-17 [1, 3, 6, 8, 18, 24]--[9]
2023109 2023-09-19 [6, 8, 10, 13, 16, 28]--[13]
2023110 2023-09-21 [2, 6, 20, 25, 29, 33]--[16]
2023111 2023-09-24 [5, 6, 12, 17, 20, 33]--[9]
2023112 2023-09-26 [9, 12, 13, 22, 24, 31]--[4]
2023120 2023-10-19 [3, 8, 13, 24, 27, 29]--[8]
2023121 2023-10-22 [2, 12, 16, 25, 30, 31]--[12]
2023122 2023-10-24 [7, 8, 14, 18, 20, 30]--[5]
2023123 2023-10-26 [10, 13, 15, 22, 29, 32]--[15]
2023124 2023-10-29 [2, 3, 17, 18, 25, 30]--[11]
2023125 2023-10-31 [11, 14, 15, 27, 30, 33]--[4]
2023126 2023-11-02 [10, 24, 26, 28, 29, 31]--[16]
2023127 2023-11-05 [3, 8, 19, 22, 26, 32]--[14]
2023128 2023-11-07 [7, 16, 20, 21, 27, 33]--[1]
2023129 2023-11-09 [8, 9, 12, 17, 32, 33]--[4]
2023130 2023-11-12 [4, 10, 17, 22, 23, 32]--[16]
2023131 2023-11-14 [6, 7, 14, 20, 26, 32]--[1]
2023132 2023-11-16 [3, 9, 11, 15, 25, 27]--[1]
2023133 2023-11-19 [4, 5, 10, 14, 22, 25]--[3]
2023134 2023-11-21 [5, 8, 9, 17, 22, 33]--[4]
2023135 2023-11-23 [5, 6, 11, 13, 28, 30]--[7]
2023136 2023-11-26 [3, 5, 10, 21, 22, 26]--[10]
2023137 2023-11-28 [3, 12, 17, 19, 23, 27]--[11]
2023138 2023-11-30 [3, 22, 28, 30, 31, 33]--[4]
2023139 2023-12-03 [12, 14, 19, 21, 27, 31]--[11]
2023140 2023-12-05 [3, 4, 11, 14, 30, 31]--[5]
2023141 2023-12-07 [1, 8, 11, 12, 21, 23]--[3]
2023142 2023-12-10 [2, 8, 20, 21, 27, 33]--[14]
2023143 2023-12-12 [5, 7, 9, 16, 23, 30]--[15]
2023144 2023-12-14 [12, 16, 17, 22, 25, 27]--[8]
2023145 2023-12-17 [7, 10, 21, 22, 23, 24]--[11]
2023146 2023-12-19 [2, 3, 6, 11, 20, 32]--[9]
2023147 2023-12-21 [5, 6, 14, 16, 19, 32]--[12]
2023148 2023-12-24 [3, 5, 7, 9, 19, 20]--[8]
2023149 2023-12-26 [2, 10, 19, 24, 26, 33]--[15]
2024004 2024-01-09 [9, 13, 17, 18, 21, 27]--[4]
2024005 2024-01-11 [5, 6, 20, 23, 25, 32]--[3]
2024006 2024-01-14 [7, 18, 20, 21, 26, 32]--[5]
2024007 2024-01-16 [4, 5, 6, 7, 20, 22]--[15]
2024008 2024-01-18 [8, 20, 21, 23, 27, 30]--[13]
2024009 2024-01-21 [1, 4, 7, 10, 17, 23]--[14]
2024010 2024-01-23 [11, 16, 20, 21, 23, 24]--[4]
2024011 2024-01-25 [8, 12, 16, 20, 27, 31]--[6]
2024012 2024-01-28 [1, 3, 7, 18, 22, 28]--[15]
2024013 2024-01-30 [1, 7, 10, 14, 21, 25]--[7]
2024014 2024-02-01 [1, 2, 10, 22, 24, 25]--[13]
2024015 2024-02-04 [3, 8, 17, 18, 20, 30]--[15]
2024016 2024-02-06 [7, 12, 20, 24, 32, 33]--[4]
2024017 2024-02-18 [4, 17, 19, 20, 25, 32]--[4]
2024018 2024-02-20 [6, 15, 17, 24, 28, 29]--[16]
2024019 2024-02-22 [5, 11, 12, 16, 17, 20]--[8]
2024020 2024-02-25 [3, 8, 12, 14, 17, 33]--[8]
2024021 2024-02-27 [4, 6, 16, 17, 23, 24]--[11]
2024022 2024-02-29 [2, 9, 11, 14, 18, 26]--[6]
2024023 2024-03-03 [1, 10, 22, 25, 28, 32]--[10]
2024024 2024-03-05 [3, 7, 21, 24, 26, 30]--[10]
2024025 2024-03-07 [8, 15, 21, 22, 25, 33]--[13]
2024026 2024-03-10 [4, 7, 18, 19, 20, 25]--[6]
2024027 2024-03-12 [2, 6, 13, 27, 28, 32]--[13]
2024028 2024-03-14 [3, 7, 8, 11, 18, 19]--[5]
2024029 2024-03-17 [12, 18, 23, 25, 28, 33]--[4]
2024030 2024-03-19 [1, 8, 22, 25, 29, 33]--[10]
2024031 2024-03-21 [9, 10, 13, 25, 30, 32]--[2]
2024032 2024-03-24 [1, 3, 4, 11, 12, 21]--[16]
2024033 2024-03-26 [6, 10, 11, 18, 20, 32]--[5]
2024043 2024-04-18 [4, 6, 7, 14, 15, 24]--[8]
2024044 2024-04-21 [2, 6, 17, 25, 32, 33]--[6]
2024045 2024-04-23 [2, 8, 19, 23, 24, 26]--[3]
2024046 2024-04-25 [2, 6, 10, 11, 17, 29]--[15]
2024047 2024-04-28 [7, 8, 21, 26, 29, 30]--[15]
2024048 2024-04-30 [2, 9, 15, 19, 26, 28]--[2]
2024049 2024-05-02 [12, 15, 17, 23, 26, 32]--[11]
2024050 2024-05-05 [1, 3, 7, 10, 22, 33]--[2]
2024051 2024-05-07 [5, 9, 13, 20, 23, 28]--[6]
2024052 2024-05-09 [7, 10, 11, 15, 17, 21]--[3]
2024053 2024-05-12 [7, 14, 21, 22, 28, 33]--[7]
2024054 2024-05-14 [8, 13, 20, 25, 31, 32]--[3]
2024055 2024-05-16 [2, 4, 6, 7, 16, 29]--[3]
2024056 2024-05-19 [5, 18, 20, 24, 25, 26]--[6]
2024057 2024-05-21 [3, 8, 17, 18, 23, 31]--[8]
2024058 2024-05-23 [8, 12, 13, 17, 27, 29]--[13]
2024059 2024-05-26 [1, 3, 14, 25, 31, 33]--[7]
2024060 2024-05-28 [1, 2, 6, 10, 22, 28]--[15]
2024061 2024-05-30 [1, 9, 18, 22, 25, 28]--[2]
2024062 2024-06-02 [1, 7, 10, 16, 18, 27]--[16]
2024063 2024-06-04 [7, 14, 16, 23, 28, 32]--[4]
2024064 2024-06-06 [6, 8, 17, 18, 28, 30]--[5]
2024065 2024-06-09 [3, 5, 9, 10, 19, 22]--[14]
2024066 2024-06-11 [8, 9, 12, 22, 26, 32]--[13]
2024067 2024-06-13 [1, 11, 13, 17, 25, 29]--[3]
2024068 2024-06-16 [1, 2, 7, 19, 20, 21]--[1]
2024069 2024-06-18 [6, 13, 20, 21, 24, 32]--[6]
2024070 2024-06-20 [4, 13, 18, 20, 22, 28]--[5]
2024071 2024-06-23 [2, 8, 19, 28, 30, 31]--[14]
2024072 2024-06-25 [1, 14, 20, 21, 23, 27]--[6]
2024081 2024-07-16 [1, 6, 12, 17, 23, 25]--[4]
2024082 2024-07-18 [1, 2, 13, 16, 17, 29]--[16]
2024083 2024-07-21 [3, 9, 14, 29, 32, 33]--[15]
2024084 2024-07-23 [1, 8, 10, 13, 19, 29]--[13]
2024085 2024-07-25 [1, 5, 15, 21, 23, 27]--[15]
2024086 2024-07-28 [17, 19, 20, 23, 25, 31]--[2]
2024087 2024-07-30 [3, 9, 18, 19, 20, 26]--[11]
2024088 2024-08-01 [3, 8, 10, 17, 30, 32]--[10]
2024089 2024-08-04 [3, 6, 9, 15, 18, 31]--[1]
2024090 2024-08-06 [7, 11, 17, 24, 31, 32]--[12]
2024091 2024-08-08 [13, 15, 16, 19, 20, 24]--[10]
2024092 2024-08-11 [3, 8, 11, 12, 18, 29]--[5]
2024093 2024-08-13 [1, 5, 7, 11, 12, 15]--[12]
2024094 2024-08-15 [6, 13, 17, 22, 25, 27]--[9]
2024095 2024-08-18 [4, 6, 9, 14, 16, 21]--[3]
2024096 2024-08-20 [2, 4, 14, 18, 23, 27]--[13]
2024097 2024-08-22 [4, 10, 12, 13, 18, 30]--[3]
2024098 2024-08-25 [3, 8, 10, 20, 30, 31]--[2]
2024099 2024-08-27 [4, 12, 17, 24, 26, 27]--[16]
2024100 2024-08-29 [13, 14, 19, 20, 27, 30]--[5]
2024101 2024-09-01 [8, 12, 15, 17, 19, 30]--[8]
2024102 2024-09-03 [9, 15, 18, 21, 22, 25]--[1]
2024103 2024-09-05 [12, 21, 23, 27, 32, 33]--[15]
2024104 2024-09-08 [5, 16, 23, 24, 26, 29]--[4]
2024105 2024-09-10 [2, 5, 17, 19, 29, 33]--[4]
2024106 2024-09-12 [3, 8, 11, 22, 31, 33]--[4]
2024107 2024-09-15 [1, 6, 8, 13, 17, 19]--[9]
2024108 2024-09-17 [1, 8, 9, 23, 24, 30]--[8]
2024109 2024-09-19 [3, 4, 24, 28, 29, 33]--[9]
2024110 2024-09-22 [4, 13, 17, 23, 25, 33]--[14]
2024111 2024-09-24 [1, 4, 11, 12, 22, 30]--[16]
2024112 2024-09-26 [8, 11, 16, 25, 29, 32]--[3]
2024113 2024-09-29 [4, 5, 23, 24, 26, 31]--[11]
2024114 2024-10-06 [7, 11, 18, 24, 27, 32]--[4]
2024115 2024-10-08 [3, 10, 11, 19, 27, 28]--[7]
2024116 2024-10-10 [1, 15, 20, 22, 31, 32]--[3]
2024117 2024-10-13 [3, 12, 14, 16, 29, 32]--[12]
2024118 2024-10-15 [2, 3, 4, 6, 11, 15]--[14]
2024119 2024-10-17 [2, 9, 26, 27, 31, 32]--[14]
2024120 2024-10-20 [1, 5, 7, 11, 18, 19]--[7]
2024121 2024-10-22 [1, 7, 10, 13, 27, 33]--[3]
2024122 2024-10-24 [5, 7, 9, 16, 17, 29]--[15]
2024123 2024-10-27 [2, 15, 22, 26, 30, 33]--[4]
2024124 2024-10-29 [2, 14, 15, 17, 25, 30]--[11]
2024125 2024-10-31 [1, 4, 13, 18, 26, 30]--[3]
2024126 2024-11-03 [14, 18, 23, 24, 26, 33]--[10]
2024127 2024-11-05 [2, 5, 13, 20, 27, 32]--[10]
2024128 2024-11-07 [1, 8, 13, 18, 20, 26]--[16]
2024129 2024-11-10 [9, 10, 13, 19, 24, 32]--[1]
2024130 2024-11-12 [1, 8, 12, 17, 19, 24]--[16]
2024131 2024-11-14 [4, 5, 11, 15, 20, 32]--[13]
2024132 2024-11-17 [1, 4, 25, 27, 28, 33]--[3]
2024133 2024-11-19 [1, 11, 15, 27, 30, 33]--[1]
2024134 2024-11-21 [2, 4, 13, 16, 18, 20]--[16]
2024135 2024-11-24 [5, 11, 17, 18, 30, 31]--[13]
2024136 2024-11-26 [3, 11, 15, 21, 25, 26]--[3]
2024137 2024-11-28 [4, 9, 10, 19, 26, 27]--[12]
2024138 2024-12-01 [2, 7, 11, 21, 27, 28]--[2]
2024139 2024-12-03 [15, 16, 20, 22, 23, 29]--[14]
2024140 2024-12-05 [4, 7, 8, 17, 22, 26]--[15]
2024141 2024-12-08 [1, 2, 7, 15, 24, 29]--[12]
2024142 2024-12-10 [4, 6, 13, 21, 22, 25]--[6]
2024143 2024-12-12 [2, 5, 11, 22, 30, 33]--[10]
2024144 2024-12-15 [2, 9, 11, 17, 20, 30]--[11]
2024145 2024-12-17 [1, 3, 16, 22, 23, 30]--[3]
2024146 2024-12-19 [2, 4, 11, 22, 27, 32]--[10]
2024147 2024-12-22 [5, 11, 13, 16, 21, 30]--[10]
2024148 2024-12-24 [2, 6, 15, 16, 21, 23]--[11]
2024149 2024-12-26 [3, 9, 16, 17, 18, 22]--[16]
2024150 2024-12-29 [13, 14, 20, 22, 26, 32]--[2]
2024151 2024-12-31 [5, 10, 16, 19, 29, 32]--[4]
2025001 2025-01-02 [2, 3, 17, 18, 22, 33]--[16]
2025002 2025-01-05 [9, 12, 13, 15, 22, 26]--[11]
2025003 2025-01-07 [10, 19, 20, 26, 28, 29]--[15]
2025004 2025-01-09 [3, 7, 17, 27, 29, 32]--[4]
2025005 2025-01-12 [10, 16, 19, 27, 28, 30]--[9]
2025006 2025-01-14 [1, 7, 8, 17, 20, 22]--[6]
2025007 2025-01-16 [7, 8, 14, 18, 21, 27]--[11]
2025008 2025-01-19 [9, 14, 16, 17, 25, 33]--[11]
2025009 2025-01-21 [2, 4, 11, 12, 23, 25]--[6]
2025010 2025-01-23 [4, 6, 7, 16, 17, 21]--[8]
2025011 2025-01-26 [6, 13, 17, 22, 24, 29]--[11]
2025012 2025-02-06 [7, 11, 13, 18, 27, 31]--[11]
2025013 2025-02-09 [4, 14, 16, 23, 24, 30]--[14]
2025014 2025-02-11 [6, 7, 9, 13, 21, 27]--[5]
2025015 2025-02-13 [4, 11, 15, 24, 25, 33]--[15]
2025016 2025-02-16 [2, 3, 12, 16, 20, 29]--[14]
2025017 2025-02-18 [4, 12, 15, 18, 28, 29]--[5]
2025018 2025-02-20 [3, 9, 18, 21, 28, 29]--[11]
2025019 2025-02-23 [5, 13, 17, 18, 22, 23]--[11]
2025020 2025-02-25 [4, 11, 13, 16, 26, 30]--[15]
2025021 2025-02-27 [7, 8, 16, 18, 25, 32]--[14]
2025022 2025-03-02 [11, 17, 18, 20, 28, 30]--[10]
2025023 2025-03-04 [9, 12, 13, 24, 25, 33]--[7]
2025024 2025-03-06 [10, 11, 22, 27, 30, 32]--[15]
2025025 2025-03-09 [12, 15, 21, 23, 25, 30]--[2]
2025026 2025-03-11 [9, 10, 12, 14, 19, 32]--[7]
2025027 2025-03-13 [5, 7, 8, 15, 16, 23]--[6]
2025028 2025-03-16 [4, 9, 14, 15, 18, 25]--[15]
2025029 2025-03-18 [5, 15, 16, 25, 30, 33]--[16]
2025030 2025-03-20 [4, 6, 7, 30, 31, 33]--[6]
2025031 2025-03-23 [1, 5, 6, 8, 23, 28]--[1]
2025032 2025-03-25 [3, 8, 10, 14, 16, 21]--[3]
2025033 2025-03-27 [3, 5, 18, 25, 26, 33]--[8]
2025034 2025-03-30 [5, 8, 13, 14, 24, 26]--[12]
2025035 2025-04-01 [1, 8, 16, 18, 25, 31]--[1]
2025036 2025-04-03 [5, 11, 13, 16, 19, 32]--[7]
2025037 2025-04-06 [3, 6, 11, 20, 21, 31]--[2]
2025038 2025-04-08 [6, 19, 20, 23, 26, 33]--[9]
2025039 2025-04-10 [8, 10, 12, 15, 17, 23]--[11]
2025040 2025-04-13 [2, 6, 8, 9, 10, 24]--[11]
2025041 2025-04-15 [6, 10, 17, 19, 25, 31]--[6]
2025042 2025-04-17 [7, 13, 19, 23, 27, 33]--[12]
2025043 2025-04-20 [3, 12, 16, 19, 20, 32]--[13]
2025044 2025-04-22 [2, 3, 7, 8, 14, 28]--[11]
2025045 2025-04-24 [2, 14, 19, 24, 29, 33]--[13]
2025046 2025-04-27 [2, 3, 10, 16, 29, 33]--[1]
2025047 2025-04-29 [1, 14, 21, 22, 23, 31]--[12]
2025048 2025-05-01 [16, 21, 22, 23, 27, 31]--[10]
2025049 2025-05-04 [3, 6, 19, 27, 29, 33]--[11]
2025050 2025-05-06 [9, 12, 15, 18, 22, 33]--[16]
2025051 2025-05-08 [1, 2, 3, 4, 17, 22]--[1]
2025052 2025-05-11 [6, 7, 10, 17, 20, 26]--[9]
2025053 2025-05-13 [6, 9, 10, 13, 30, 33]--[7]
2025054 2025-05-15 [5, 7, 10, 21, 24, 27]--[16]
2025055 2025-05-18 [2, 5, 22, 27, 29, 33]--[12]
2025056 2025-05-20 [1, 2, 10, 14, 28, 31]--[3]
2025057 2025-05-22 [4, 9, 15, 16, 25, 30]--[14]
2025058 2025-05-25 [2, 6, 7, 9, 10, 20]--[6]
2025059 2025-05-27 [4, 10, 11, 12, 13, 24]--[1]
2025060 2025-05-29 [6, 14, 18, 25, 28, 30]--[1]
2025061 2025-06-01 [6, 7, 9, 10, 11, 32]--[9]
2025062 2025-06-03 [6, 8, 9, 13, 25, 31]--[14]
2025063 2025-06-05 [2, 19, 21, 22, 28, 30]--[1]
2025064 2025-06-08 [2, 10, 13, 22, 29, 33]--[16]
2025065 2025-06-10 [6, 10, 13, 14, 15, 20]--[11]
2025066 2025-06-12 [6, 22, 24, 27, 28, 30]--[4]
2025067 2025-06-15 [1, 5, 10, 17, 20, 22]--[5]
2025068 2025-06-17 [5, 7, 8, 19, 20, 31]--[7]
2025069 2025-06-19 [2, 4, 19, 23, 27, 30]--[5]
2025070 2025-06-22 [2, 3, 15, 21, 22, 33]--[6]
2025071 2025-06-24 [1, 12, 18, 23, 25, 28]--[7]
2025072 2025-06-26 [2, 14, 17, 25, 27, 29]--[5]
2025073 2025-06-29 [2, 7, 10, 27, 30, 33]--[11]
2025074 2025-07-01 [3, 4, 12, 20, 32, 33]--[13]
2025075 2025-07-03 [10, 12, 14, 19, 20, 21]--[15]
2025076 2025-07-06 [2, 6, 9, 12, 14, 30]--[8]
2025077 2025-07-08 [4, 7, 8, 15, 20, 21]--[15]
2025078 2025-07-10 [6, 15, 17, 30, 32, 33]--[14]
2025079 2025-07-13 [8, 11, 14, 15, 30, 32]--[5]
2025080 2025-07-15 [3, 7, 8, 10, 16, 19]--[5]
2025081 2025-07-17 [3, 6, 18, 20, 23, 28]--[5]
2025082 2025-07-20 [4, 6, 9, 14, 32, 33]--[11]
2025083 2025-07-22 [10, 15, 16, 17, 27, 29]--[12]
2025084 2025-07-24 [6, 8, 10, 14, 24, 33]--[15]
2025085 2025-07-27 [11, 14, 15, 18, 21, 24]--[13]
2025086 2025-07-29 [2, 6, 8, 10, 17, 24]--[6]
2025087 2025-07-31 [2, 6, 14, 15, 24, 26]--[8]
2025088 2025-08-03 [1, 3, 13, 18, 21, 25]--[6]
2025089 2025-08-05 [4, 6, 8, 18, 31, 33]--[5]
2025090 2025-08-07 [6, 11, 12, 21, 27, 28]--[15]
2025091 2025-08-10 [3, 4, 17, 19, 25, 27]--[14]
2025092 2025-08-12 [2, 11, 14, 17, 23, 24]--[12]
2025093 2025-08-14 [9, 11, 12, 24, 25, 26]--[10]
2025094 2025-08-17 [11, 13, 17, 19, 23, 29]--[16]
2025095 2025-08-19 [15, 16, 22, 23, 26, 32]--[4]
2025096 2025-08-21 [7, 9, 11, 12, 16, 29]--[15]
2025097 2025-08-24 [3, 5, 16, 23, 26, 31]--[14]
2025098 2025-08-26 [5, 8, 13, 17, 18, 29]--[2]
2025099 2025-08-28 [9, 11, 15, 17, 22, 26]--[14]
2025100 2025-08-31 [12, 16, 17, 25, 30, 31]--[16]
2025101 2025-09-02 [5, 8, 9, 10, 16, 21]--[5]
